          40          40          30
   1.29999995       50.0000000    
   1.39999998       30.0000000    
           1           3
  IFDEF =            0
  TUNNEL HEIGHT =    2.00000000    
          30          80          40

           0   0.00000000       0.00000000    
           1   0.00000000      0.200000003    
           2   5.00000007E-02  0.280000001    
           3  0.100000001      0.400000006    
           4  0.200000003      0.600000024    
           5  0.300000012      0.800000012    
           6  0.500000000       1.00000000    
           7  0.750000000       1.00000000    
           8   1.00100005       1.00000000    

  POSITIONS OF THE GRID POINTS ON THE BLADE 
  AND THE RELATIVE SPACING OF THE POINTS 

           1   0.00000000      0.200000003    
           2   1.26582282E-02  0.214269862    
           3   2.53164563E-02  0.233018056    
           4   3.79746817E-02  0.255595595    
           5   5.06329127E-02  0.281353384    
           6   6.32911399E-02  0.309642434    
           7   7.59493634E-02  0.339813679    
           8   8.86075944E-02  0.371218055    
           9  0.101265825      0.402796596    
          10  0.113924049      0.430226862    
          11  0.126582280      0.456774592    
          12  0.139240503      0.482569426    
          13  0.151898727      0.507741153    
          14  0.164556965      0.532419622    
          15  0.177215189      0.556734681    
          16  0.189873412      0.580815971    
          17  0.202531651      0.605274200    
          18  0.215189874      0.631616354    
          19  0.227848098      0.657836854    
          20  0.240506336      0.683834314    
          21  0.253164560      0.709507346    
          22  0.265822798      0.734754324    
          23  0.278481007      0.759473920    
          24  0.291139245      0.783564806    
          25  0.303797454      0.806124628    
          26  0.316455692      0.825812936    
          27  0.329113930      0.844400048    
          28  0.341772139      0.861910820    
          29  0.354430377      0.878369808    
          30  0.367088616      0.893801451    
          31  0.379746825      0.908230543    
          32  0.392405063      0.921681523    
          33  0.405063301      0.934179008    
          34  0.417721510      0.945747793    
          35  0.430379748      0.956412137    
          36  0.443037987      0.966196716    
          37  0.455696195      0.975126028    
          38  0.468354434      0.983224988    
          39  0.481012672      0.990517914    
          40  0.493670881      0.997029603    
          41  0.506329119       1.00241840    
          42  0.518987358       1.00670254    
          43  0.531645596       1.01028132    
          44  0.544303775       1.01319361    
          45  0.556962013       1.01547813    
          46  0.569620252       1.01717317    
          47  0.582278490       1.01831770    
          48  0.594936728       1.01894999    
          49  0.607594907       1.01910853    
          50  0.620253146       1.01883221    
          51  0.632911384       1.01815927    
          52  0.645569623       1.01712847    
          53  0.658227861       1.01577866    
          54  0.670886099       1.01414788    
          55  0.683544278       1.01227510    
          56  0.696202517       1.01019871    
          57  0.708860755       1.00795746    
          58  0.721518993       1.00558960    
          59  0.734177232       1.00313413    
          60  0.746835470       1.00062943    
          61  0.759493649      0.998113871    
          62  0.772151887      0.995626390    
          63  0.784810126      0.993205369    
          64  0.797468364      0.990889311    
          65  0.810126603      0.988717198    
          66  0.822784781      0.986727118    
          67  0.835443020      0.984957755    
          68  0.848101258      0.983447909    
          69  0.860759497      0.982236087    
          70  0.873417735      0.981360435    
          71  0.886075974      0.980860353    
          72  0.898734152      0.980773807    
          73  0.911392391      0.981139421    
          74  0.924050629      0.981996119    
          75  0.936708868      0.983382106    
          76  0.949367106      0.985336125    
          77  0.962025344      0.987896621    
          78  0.974683523      0.991102338    
          79  0.987341762      0.994991899    
          80   1.00000000      0.999603748    
 XSURF , YSURF     -0.00000     0.00005
 XSURF , YSURF      0.00080     0.00272
 XSURF , YSURF      0.00371     0.00482
 XSURF , YSURF      0.00878     0.00581
 XSURF , YSURF      0.01592     0.00643
 XSURF , YSURF      0.02503     0.00723
 XSURF , YSURF      0.03610     0.00820
 XSURF , YSURF      0.04908     0.00933
 XSURF , YSURF      0.06390     0.01063
 XSURF , YSURF      0.08052     0.01208
 XSURF , YSURF      0.09886     0.01369
 XSURF , YSURF      0.11884     0.01544
 XSURF , YSURF      0.14039     0.01732
 XSURF , YSURF      0.16341     0.01933
 XSURF , YSURF      0.18782     0.02147
 XSURF , YSURF      0.21350     0.02372
 XSURF , YSURF      0.24037     0.02607
 XSURF , YSURF      0.26829     0.02851
 XSURF , YSURF      0.29717     0.03104
 XSURF , YSURF      0.32688     0.03364
 XSURF , YSURF      0.35730     0.03630
 XSURF , YSURF      0.38830     0.03901
 XSURF , YSURF      0.41976     0.04176
 XSURF , YSURF      0.45155     0.04454
 XSURF , YSURF      0.48354     0.04734
 XSURF , YSURF      0.51559     0.05015
 XSURF , YSURF      0.54757     0.05294
 XSURF , YSURF      0.57936     0.05573
 XSURF , YSURF      0.61082     0.05848
 XSURF , YSURF      0.64183     0.06119
 XSURF , YSURF      0.67225     0.06385
 XSURF , YSURF      0.70195     0.06645
 XSURF , YSURF      0.73083     0.06898
 XSURF , YSURF      0.75876     0.07142
 XSURF , YSURF      0.78562     0.07377
 XSURF , YSURF      0.81131     0.07602
 XSURF , YSURF      0.83571     0.07815
 XSURF , YSURF      0.85874     0.08017
 XSURF , YSURF      0.88029     0.08205
 XSURF , YSURF      0.90027     0.08380
 XSURF , YSURF      0.91861     0.08541
 XSURF , YSURF      0.93522     0.08686
 XSURF , YSURF      0.95005     0.08816
 XSURF , YSURF      0.96302     0.08929
 XSURF , YSURF      0.97409     0.09026
 XSURF , YSURF      0.98321     0.09106
 XSURF , YSURF      0.99034     0.09167
 XSURF , YSURF      0.99554     0.09117
 XSURF , YSURF      0.99878     0.08961
 XSURF , YSURF      1.00001     0.08754
 XSURF , YSURF      1.00000     0.08744
 XSURF , YSURF      0.99917     0.08519
 XSURF , YSURF      0.99625     0.08309
 XSURF , YSURF      0.99122     0.08170
 XSURF , YSURF      0.98408     0.08106
 XSURF , YSURF      0.97497     0.08026
 XSURF , YSURF      0.96390     0.07929
 XSURF , YSURF      0.95092     0.07816
 XSURF , YSURF      0.93610     0.07686
 XSURF , YSURF      0.91948     0.07541
 XSURF , YSURF      0.90114     0.07380
 XSURF , YSURF      0.88116     0.07205
 XSURF , YSURF      0.85961     0.07017
 XSURF , YSURF      0.83659     0.06815
 XSURF , YSURF      0.81218     0.06602
 XSURF , YSURF      0.78650     0.06377
 XSURF , YSURF      0.75963     0.06142
 XSURF , YSURF      0.73171     0.05898
 XSURF , YSURF      0.70283     0.05645
 XSURF , YSURF      0.67312     0.05385
 XSURF , YSURF      0.64270     0.05119
 XSURF , YSURF      0.61170     0.04848
 XSURF , YSURF      0.58024     0.04573
 XSURF , YSURF      0.54845     0.04294
 XSURF , YSURF      0.51646     0.04015
 XSURF , YSURF      0.48441     0.03734
 XSURF , YSURF      0.45243     0.03454
 XSURF , YSURF      0.42064     0.03176
 XSURF , YSURF      0.38918     0.02901
 XSURF , YSURF      0.35817     0.02630
 XSURF , YSURF      0.32775     0.02364
 XSURF , YSURF      0.29805     0.02104
 XSURF , YSURF      0.26917     0.01851
 XSURF , YSURF      0.24124     0.01607
 XSURF , YSURF      0.21438     0.01372
 XSURF , YSURF      0.18869     0.01147
 XSURF , YSURF      0.16429     0.00933
 XSURF , YSURF      0.14126     0.00732
 XSURF , YSURF      0.11971     0.00544
 XSURF , YSURF      0.09973     0.00369
 XSURF , YSURF      0.08139     0.00208
 XSURF , YSURF      0.06478     0.00063
 XSURF , YSURF      0.04995    -0.00067
 XSURF , YSURF      0.03698    -0.00180
 XSURF , YSURF      0.02591    -0.00277
 XSURF , YSURF      0.01679    -0.00357
 XSURF , YSURF      0.00966    -0.00419
 XSURF , YSURF      0.00450    -0.00410
 XSURF , YSURF      0.00126    -0.00254
 XSURF , YSURF      0.00000    -0.00005

  XMAX,XMIN,XCHORD    1.00000560      -4.35778657E-06   1.00001001    


   SUCTION SURFACE POINTS 

           1   0.00000000       4.98092377E-05
           2   8.01179267E-04   2.72432272E-03
           3   3.71925067E-03   4.81763203E-03
           4   8.78735166E-03   5.80543932E-03
           5   1.59193184E-02   6.43059937E-03
           6   2.50387974E-02   7.22845038E-03
           7   3.61081660E-02   8.19689408E-03
           8   4.90819998E-02   9.33195744E-03
           9   6.39069229E-02   1.06289703E-02
          10   8.05220604E-02   1.20826056E-02
          11   9.88591239E-02   1.36868907E-02
          12  0.118842751       1.54352309E-02
          13  0.140390813       1.73204411E-02
          14  0.163414836       1.93347819E-02
          15  0.187820166       2.14699712E-02
          16  0.213506475       2.37172320E-02
          17  0.240368247       2.60673352E-02
          18  0.268295079       2.85106134E-02
          19  0.297172248       3.10370382E-02
          20  0.326881111       3.36362310E-02
          21  0.357299596       3.62974964E-02
          22  0.388302624       3.90099101E-02
          23  0.419762820       4.17623222E-02
          24  0.451550871       4.45434153E-02
          25  0.483536273       4.73417751E-02
          26  0.515587509       5.01458943E-02
          27  0.547572970       5.29442579E-02
          28  0.579361141       5.57253584E-02
          29  0.610821307       5.84777705E-02
          30  0.641824245       6.11901768E-02
          31  0.672242701       6.38514459E-02
          32  0.701951563       6.64506331E-02
          33  0.730828762       6.89770579E-02
          34  0.758755624       7.14203417E-02
          35  0.785617352       7.37704411E-02
          36  0.811303794       7.60177150E-02
          37  0.835708976       7.81528875E-02
          38  0.858733058       8.01672339E-02
          39  0.880281091       8.20524469E-02
          40  0.900264740       8.38007852E-02
          41  0.918601871       8.54050741E-02
          42  0.935216904       8.68587047E-02
          43  0.950041831       8.81557241E-02
          44  0.963015676       8.92907828E-02
          45  0.974085093       9.02592316E-02
          46  0.983204544       9.10570771E-02
          47  0.990337908       9.16658267E-02
          48  0.995536089       9.11674201E-02
          49  0.998773873       8.96053240E-02
          50   1.00000000       8.75375718E-02

  PRESSURE SURFACE POINTS 

           1   0.00000000       4.98092377E-05
           2   8.71548582E-06  -4.98092377E-05
           3   1.26214733E-03  -2.54456769E-03
           4   4.49938560E-03  -4.09935694E-03
           5   9.66202188E-03  -4.19209106E-03
           6   1.67941991E-02  -3.56930029E-03
           7   2.59136781E-02  -2.77144951E-03
           8   3.69830430E-02  -1.80300570E-03
           9   4.99568768E-02  -6.67942513E-04
          10   6.47818074E-02   6.29070448E-04
          11   8.13969448E-02   2.08270596E-03
          12   9.97340083E-02   3.68699082E-03
          13  0.119717635       5.43533126E-03
          14  0.141265675       7.32054235E-03
          15  0.164289713       9.33488365E-03
          16  0.188695028       1.14700720E-02
          17  0.214381337       1.37173329E-02
          18  0.241243124       1.60674341E-02
          19  0.269169956       1.85107142E-02
          20  0.298047125       2.10371409E-02
          21  0.327755988       2.36363281E-02
          22  0.358174473       2.62976009E-02
          23  0.389177471       2.90100127E-02
          24  0.420637697       3.17624249E-02
          25  0.452425748       3.45435180E-02
          26  0.484411120       3.73418778E-02
          27  0.516462386       4.01459970E-02
          28  0.548447847       4.29443605E-02
          29  0.580236018       4.57254611E-02
          30  0.611696184       4.84778732E-02
          31  0.642699122       5.11902757E-02
          32  0.673117578       5.38515449E-02
          33  0.702826440       5.64507321E-02
          34  0.731703639       5.89771569E-02
          35  0.759630442       6.14204407E-02
          36  0.786492229       6.37705326E-02
          37  0.812178671       6.60178065E-02
          38  0.836583793       6.81529790E-02
          39  0.859607935       7.01673329E-02
          40  0.881155968       7.20525384E-02
          41  0.901139617       7.38008842E-02
          42  0.919476748       7.54051730E-02
          43  0.936091781       7.68588036E-02
          44  0.950916708       7.81558156E-02
          45  0.963890553       7.92908743E-02
          46  0.974959970       8.02593231E-02
          47  0.984079421       8.10571685E-02
          48  0.991210103       8.16963613E-02
          49  0.996242762       8.30898359E-02
          50  0.999160111       8.51904526E-02
          51  0.999998808       8.74379575E-02
          52   1.00000000       8.75375718E-02

 INTERPOLATED POINTS ON THE BLADE 

  N           X          YUP        YLOW        THICK 
  N,NXPTS           1          50
    1      0.0000      0.0000      0.0000      0.0000
  N,NXPTS           2          50
    2      0.0010      0.0029     -0.0021      0.0050
  N,NXPTS           3          50
    3      0.0041      0.0049     -0.0039      0.0088
  N,NXPTS           4          50
    4      0.0092      0.0058     -0.0042      0.0100
  N,NXPTS           5          50
    5      0.0164      0.0065     -0.0036      0.0101
  N,NXPTS           6          50
    6      0.0255      0.0073     -0.0028      0.0101
  N,NXPTS           7          50
    7      0.0365      0.0082     -0.0018      0.0101
  N,NXPTS           8          50
    8      0.0495      0.0094     -0.0007      0.0101
  N,NXPTS           9          50
    9      0.0643      0.0107      0.0006      0.0101
  N,NXPTS          10          50
   10      0.0810      0.0121      0.0020      0.0101
  N,NXPTS          11          50
   11      0.0993      0.0137      0.0036      0.0101
  N,NXPTS          12          50
   12      0.1193      0.0155      0.0054      0.0101
  N,NXPTS          13          50
   13      0.1408      0.0174      0.0073      0.0101
  N,NXPTS          14          50
   14      0.1638      0.0194      0.0093      0.0101
  N,NXPTS          15          50
   15      0.1883      0.0215      0.0114      0.0101
  N,NXPTS          16          50
   16      0.2139      0.0238      0.0137      0.0101
  N,NXPTS          17          50
   17      0.2408      0.0261      0.0160      0.0101
  N,NXPTS          18          50
   18      0.2687      0.0285      0.0185      0.0101
  N,NXPTS          19          50
   19      0.2976      0.0311      0.0210      0.0101
  N,NXPTS          20          50
   20      0.3273      0.0337      0.0236      0.0101
  N,NXPTS          21          50
   21      0.3577      0.0363      0.0263      0.0101
  N,NXPTS          22          50
   22      0.3887      0.0390      0.0290      0.0101
  N,NXPTS          23          50
   23      0.4202      0.0418      0.0317      0.0101
  N,NXPTS          24          50
   24      0.4520      0.0446      0.0345      0.0101
  N,NXPTS          25          50
   25      0.4840      0.0474      0.0373      0.0101
  N,NXPTS          26          50
   26      0.5160      0.0502      0.0401      0.0101
  N,NXPTS          27          50
   27      0.5480      0.0530      0.0429      0.0101
  N,NXPTS          28          50
   28      0.5798      0.0558      0.0457      0.0101
  N,NXPTS          29          50
   29      0.6113      0.0585      0.0484      0.0101
  N,NXPTS          30          50
   30      0.6423      0.0612      0.0512      0.0101
  N,NXPTS          31          50
   31      0.6727      0.0639      0.0538      0.0101
  N,NXPTS          32          50
   32      0.7024      0.0665      0.0564      0.0101
  N,NXPTS          33          50
   33      0.7313      0.0690      0.0589      0.0101
  N,NXPTS          34          50
   34      0.7592      0.0715      0.0614      0.0101
  N,NXPTS          35          50
   35      0.7861      0.0738      0.0637      0.0101
  N,NXPTS          36          50
   36      0.8117      0.0761      0.0660      0.0101
  N,NXPTS          37          50
   37      0.8362      0.0782      0.0681      0.0101
  N,NXPTS          38          50
   38      0.8592      0.0802      0.0701      0.0101
  N,NXPTS          39          50
   39      0.8807      0.0821      0.0720      0.0101
  N,NXPTS          40          50
   40      0.9007      0.0838      0.0738      0.0101
  N,NXPTS          41          50
   41      0.9190      0.0854      0.0754      0.0101
  N,NXPTS          42          50
   42      0.9357      0.0869      0.0768      0.0101
  N,NXPTS          43          50
   43      0.9505      0.0882      0.0781      0.0101
  N,NXPTS          44          50
   44      0.9635      0.0893      0.0793      0.0101
  N,NXPTS          45          50
   45      0.9745      0.0903      0.0802      0.0101
  N,NXPTS          46          50
   46      0.9836      0.0911      0.0810      0.0101
  N,NXPTS          47          50
   47      0.9908      0.0916      0.0817      0.0100
  N,NXPTS          48          50
   48      0.9959      0.0910      0.0830      0.0080
  N,NXPTS          49          50
   49      0.9990      0.0893      0.0851      0.0042
  N,NXPTS          50          50
   50      1.0000      0.0875      0.0875      0.0000

  THE BLADE CENTROID IS AT       0.4997    0.0437

  GRID SPACE RATIO UP=    1.09080 DOWN =    1.01597
 PITCHWISE spacings. FIRAT,FIMAX,FIEND=   1.29999995       25.0000000       0.00000000    
           1   0.00000000    
           2   4.03836463E-03
           3   9.28823836E-03
           4   1.61130726E-02
           5   2.49853581E-02
           6   3.65193300E-02
           7   5.15134931E-02
           8   7.10059032E-02
           9   9.63460356E-02
          10  0.129288197    
          11  0.172113016    
          12  0.227785274    
          13  0.300159216    
          14  0.394245327    
          15  0.495204449    
          16  0.596163571    
          17  0.697122693    
          18  0.798081815    
          19  0.899040937    
          20   1.00000000    
 XSURF , YSURF     -0.00000     0.00005
 XSURF , YSURF      0.00033     0.00191
 XSURF , YSURF      0.00165     0.00363
 XSURF , YSURF      0.00400     0.00492
 XSURF , YSURF      0.00738     0.00566
 XSURF , YSURF      0.01175     0.00607
 XSURF , YSURF      0.01708     0.00653
 XSURF , YSURF      0.02336     0.00708
 XSURF , YSURF      0.03056     0.00771
 XSURF , YSURF      0.03869     0.00842
 XSURF , YSURF      0.04772     0.00921
 XSURF , YSURF      0.05763     0.01008
 XSURF , YSURF      0.06841     0.01102
 XSURF , YSURF      0.08003     0.01204
 XSURF , YSURF      0.09247     0.01313
 XSURF , YSURF      0.10571     0.01429
 XSURF , YSURF      0.11972     0.01551
 XSURF , YSURF      0.13447     0.01680
 XSURF , YSURF      0.14994     0.01816
 XSURF , YSURF      0.16609     0.01957
 XSURF , YSURF      0.18290     0.02104
 XSURF , YSURF      0.20033     0.02256
 XSURF , YSURF      0.21834     0.02414
 XSURF , YSURF      0.23690     0.02576
 XSURF , YSURF      0.25598     0.02743
 XSURF , YSURF      0.27553     0.02914
 XSURF , YSURF      0.29552     0.03089
 XSURF , YSURF      0.31591     0.03268
 XSURF , YSURF      0.33666     0.03449
 XSURF , YSURF      0.35773     0.03634
 XSURF , YSURF      0.37908     0.03820
 XSURF , YSURF      0.40066     0.04009
 XSURF , YSURF      0.42244     0.04200
 XSURF , YSURF      0.44437     0.04392
 XSURF , YSURF      0.46640     0.04584
 XSURF , YSURF      0.48850     0.04778
 XSURF , YSURF      0.51062     0.04971
 XSURF , YSURF      0.53272     0.05165
 XSURF , YSURF      0.55476     0.05357
 XSURF , YSURF      0.57669     0.05549
 XSURF , YSURF      0.59846     0.05740
 XSURF , YSURF      0.62005     0.05929
 XSURF , YSURF      0.64139     0.06115
 XSURF , YSURF      0.66246     0.06300
 XSURF , YSURF      0.68321     0.06481
 XSURF , YSURF      0.70360     0.06660
 XSURF , YSURF      0.72360     0.06834
 XSURF , YSURF      0.74315     0.07006
 XSURF , YSURF      0.76223     0.07172
 XSURF , YSURF      0.78079     0.07335
 XSURF , YSURF      0.79880     0.07492
 XSURF , YSURF      0.81622     0.07645
 XSURF , YSURF      0.83303     0.07792
 XSURF , YSURF      0.84918     0.07933
 XSURF , YSURF      0.86465     0.08069
 XSURF , YSURF      0.87941     0.08198
 XSURF , YSURF      0.89342     0.08320
 XSURF , YSURF      0.90666     0.08436
 XSURF , YSURF      0.91910     0.08545
 XSURF , YSURF      0.93072     0.08647
 XSURF , YSURF      0.94150     0.08741
 XSURF , YSURF      0.95141     0.08828
 XSURF , YSURF      0.96044     0.08907
 XSURF , YSURF      0.96856     0.08978
 XSURF , YSURF      0.97577     0.09041
 XSURF , YSURF      0.98204     0.09096
 XSURF , YSURF      0.98738     0.09142
 XSURF , YSURF      0.99176     0.09168
 XSURF , YSURF      0.99524     0.09125
 XSURF , YSURF      0.99778     0.09029
 XSURF , YSURF      0.99938     0.08899
 XSURF , YSURF      1.00001     0.08754
 XSURF , YSURF      1.00000     0.08744
 XSURF , YSURF      0.99965     0.08590
 XSURF , YSURF      0.99830     0.08435
 XSURF , YSURF      0.99596     0.08296
 XSURF , YSURF      0.99262     0.08193
 XSURF , YSURF      0.98825     0.08142
 XSURF , YSURF      0.98292     0.08096
 XSURF , YSURF      0.97664     0.08041
 XSURF , YSURF      0.96944     0.07978
 XSURF , YSURF      0.96131     0.07907
 XSURF , YSURF      0.95228     0.07828
 XSURF , YSURF      0.94237     0.07741
 XSURF , YSURF      0.93159     0.07647
 XSURF , YSURF      0.91997     0.07545
 XSURF , YSURF      0.90753     0.07436
 XSURF , YSURF      0.89429     0.07320
 XSURF , YSURF      0.88028     0.07198
 XSURF , YSURF      0.86553     0.07069
 XSURF , YSURF      0.85006     0.06933
 XSURF , YSURF      0.83391     0.06792
 XSURF , YSURF      0.81710     0.06645
 XSURF , YSURF      0.79967     0.06492
 XSURF , YSURF      0.78166     0.06335
 XSURF , YSURF      0.76310     0.06172
 XSURF , YSURF      0.74402     0.06006
 XSURF , YSURF      0.72447     0.05834
 XSURF , YSURF      0.70448     0.05660
 XSURF , YSURF      0.68409     0.05481
 XSURF , YSURF      0.66334     0.05300
 XSURF , YSURF      0.64227     0.05115
 XSURF , YSURF      0.62092     0.04929
 XSURF , YSURF      0.59934     0.04740
 XSURF , YSURF      0.57756     0.04549
 XSURF , YSURF      0.55563     0.04357
 XSURF , YSURF      0.53360     0.04165
 XSURF , YSURF      0.51150     0.03971
 XSURF , YSURF      0.48938     0.03778
 XSURF , YSURF      0.46728     0.03584
 XSURF , YSURF      0.44524     0.03392
 XSURF , YSURF      0.42331     0.03200
 XSURF , YSURF      0.40154     0.03009
 XSURF , YSURF      0.37995     0.02820
 XSURF , YSURF      0.35861     0.02634
 XSURF , YSURF      0.33754     0.02449
 XSURF , YSURF      0.31679     0.02268
 XSURF , YSURF      0.29640     0.02089
 XSURF , YSURF      0.27640     0.01914
 XSURF , YSURF      0.25685     0.01743
 XSURF , YSURF      0.23777     0.01576
 XSURF , YSURF      0.21921     0.01414
 XSURF , YSURF      0.20120     0.01256
 XSURF , YSURF      0.18378     0.01104
 XSURF , YSURF      0.16697     0.00957
 XSURF , YSURF      0.15082     0.00816
 XSURF , YSURF      0.13535     0.00680
 XSURF , YSURF      0.12059     0.00551
 XSURF , YSURF      0.10658     0.00429
 XSURF , YSURF      0.09334     0.00313
 XSURF , YSURF      0.08090     0.00204
 XSURF , YSURF      0.06928     0.00102
 XSURF , YSURF      0.05850     0.00008
 XSURF , YSURF      0.04859    -0.00079
 XSURF , YSURF      0.03956    -0.00158
 XSURF , YSURF      0.03144    -0.00229
 XSURF , YSURF      0.02423    -0.00292
 XSURF , YSURF      0.01795    -0.00347
 XSURF , YSURF      0.01262    -0.00393
 XSURF , YSURF      0.00825    -0.00429
 XSURF , YSURF      0.00480    -0.00415
 XSURF , YSURF      0.00226    -0.00329
 XSURF , YSURF      0.00065    -0.00183
 XSURF , YSURF      0.00000    -0.00005

  XMAX,XMIN,XCHORD    1.00000560      -4.35778657E-06   1.00001001    


   SUCTION SURFACE POINTS 

           1   0.00000000       4.98092377E-05
           2   3.30209761E-04   1.91193738E-03
           3   1.65797409E-03   3.63386679E-03
           4   4.00590058E-03   4.92424099E-03
           5   7.38018006E-03   5.65703027E-03
           6   1.17536224E-02   6.06614817E-03
           7   1.70842800E-02   6.53252052E-03
           8   2.33594235E-02   7.08152447E-03
           9   3.05667166E-02   7.71208014E-03
          10   3.86921205E-02   8.42296053E-03
          11   4.77196909E-02   9.21277050E-03
          12   5.76317832E-02   1.00799669E-02
          13   6.84089363E-02   1.10228444E-02
          14   8.00301135E-02   1.20395673E-02
          15   9.24725533E-02   1.31281391E-02
          16  0.105711862       1.42864278E-02
          17  0.119722180       1.55121721E-02
          18  0.134476036       1.68029666E-02
          19  0.149944559       1.81562863E-02
          20  0.166097492       1.95694882E-02
          21  0.182903185       2.10397933E-02
          22  0.200328752       2.25643348E-02
          23  0.218340114       2.41401233E-02
          24  0.236901924       2.57640686E-02
          25  0.255977958       2.74330098E-02
          26  0.275530756       2.91436557E-02
          27  0.295522153       3.08926776E-02
          28  0.315912962       3.26766409E-02
          29  0.336663276       3.44920568E-02
          30  0.357732445       3.63353677E-02
          31  0.379079252       3.82029712E-02
          32  0.400661945       4.00912128E-02
          33  0.422438204       4.19963896E-02
          34  0.444365501       4.39147800E-02
          35  0.466400772       4.58426178E-02
          36  0.488501042       4.77761403E-02
          37  0.510622799       4.97115403E-02
          38  0.532723129       5.16450666E-02
          39  0.554758370       5.35729043E-02
          40  0.576685667       5.54912947E-02
          41  0.598461866       5.73964678E-02
          42  0.620044589       5.92847094E-02
          43  0.641391397       6.11523166E-02
          44  0.662460625       6.29956275E-02
          45  0.683210909       6.48110509E-02
          46  0.703601718       6.65950105E-02
          47  0.723592997       6.83440268E-02
          48  0.743145883       7.00546801E-02
          49  0.762221932       7.17236176E-02
          50  0.780783832       7.33475685E-02
          51  0.798795104       7.49233514E-02
          52  0.816220701       7.64478967E-02
          53  0.833026290       7.79181942E-02
          54  0.849179268       7.93313980E-02
          55  0.864647806       8.06847215E-02
          56  0.879401624       8.19755122E-02
          57  0.893411994       8.32012594E-02
          58  0.906651378       8.43595564E-02
          59  0.919093728       8.54481161E-02
          60  0.930714905       8.64648372E-02
          61  0.941492081       8.74077231E-02
          62  0.951404154       8.82749110E-02
          63  0.960431755       8.90647247E-02
          64  0.968557060       8.97755995E-02
          65  0.975764394       9.04061571E-02
          66  0.982039511       9.09551606E-02
          67  0.987370193       9.14215297E-02
          68  0.991756499       9.16830972E-02
          69  0.995233297       9.12449211E-02
          70  0.997777820       9.02874097E-02
          71  0.999369800       8.89899060E-02
          72   1.00000000       8.75375792E-02

  PRESSURE SURFACE POINTS 

           1   0.00000000       4.98092377E-05
           2   8.71548582E-06  -4.98092377E-05
           3   6.57263736E-04  -1.82630704E-03
           4   2.26386636E-03  -3.29151261E-03
           5   4.80019348E-03  -4.15457040E-03
           6   8.25045723E-03  -4.29028925E-03
           7   1.26284994E-02  -3.93375149E-03
           8   1.79591589E-02  -3.46737937E-03
           9   2.42343042E-02  -2.91837542E-03
          10   3.14415917E-02  -2.28781928E-03
          11   3.95669974E-02  -1.57693867E-03
          12   4.85945642E-02  -7.87128753E-04
          13   5.85066602E-02   8.00668640E-05
          14   6.92838207E-02   1.02294562E-03
          15   8.09049979E-02   2.03966722E-03
          16   9.33474377E-02   3.12823919E-03
          17  0.106586747       4.28652856E-03
          18  0.120597064       5.51227247E-03
          19  0.135350898       6.80306740E-03
          20  0.150819436       8.15638807E-03
          21  0.166972369       9.56958719E-03
          22  0.183778062       1.10398941E-02
          23  0.201203629       1.25644337E-02
          24  0.219214991       1.41402232E-02
          25  0.237776786       1.57641713E-02
          26  0.256852835       1.74331069E-02
          27  0.276405632       1.91437583E-02
          28  0.296397001       2.08927765E-02
          29  0.316787839       2.26767398E-02
          30  0.337538153       2.44921558E-02
          31  0.358607322       2.63354704E-02
          32  0.379954100       2.82030739E-02
          33  0.401536822       3.00913155E-02
          34  0.423313081       3.19964923E-02
          35  0.445240349       3.39148827E-02
          36  0.467275649       3.58427204E-02
          37  0.489375919       3.77762392E-02
          38  0.511497676       3.97116430E-02
          39  0.533597946       4.16451693E-02
          40  0.555633247       4.35730070E-02
          41  0.577560544       4.54913974E-02
          42  0.599336743       4.73965704E-02
          43  0.620919466       4.92848121E-02
          44  0.642266273       5.11524193E-02
          45  0.663335502       5.29957339E-02
          46  0.684085786       5.48111498E-02
          47  0.704476595       5.65951131E-02
          48  0.724467874       5.83441257E-02
          49  0.744020760       6.00547791E-02
          50  0.763096809       6.17237128E-02
          51  0.781658709       6.33476675E-02
          52  0.799669981       6.49234504E-02
          53  0.817095578       6.64479956E-02
          54  0.833901167       6.79182932E-02
          55  0.850054145       6.93314970E-02
          56  0.865522683       7.06848130E-02
          57  0.880276501       7.19756037E-02
          58  0.894286871       7.32013583E-02
          59  0.907526255       7.43596479E-02
          60  0.919968545       7.54482150E-02
          61  0.931589723       7.64649287E-02
          62  0.942366958       7.74078146E-02
          63  0.952279031       7.82750100E-02
          64  0.961306632       7.90648237E-02
          65  0.969431937       7.97756985E-02
          66  0.976639271       8.04062560E-02
          67  0.982914388       8.09552521E-02
          68  0.988245070       8.14216286E-02
          69  0.992610157       8.19257051E-02
          70  0.995958090       8.29609632E-02
          71  0.998297691       8.43457952E-02
          72  0.999640167       8.59000236E-02
          73  0.999998808       8.74379650E-02
          74   1.00000000       8.75375792E-02

 INTERPOLATED POINTS ON THE BLADE 

  N           X          YUP        YLOW        THICK 
  N,NXPTS           1          72
    1      0.0000      0.0000      0.0000      0.0000
  N,NXPTS           2          72
    2      0.0005      0.0021     -0.0014      0.0035
  N,NXPTS           3          72
    3      0.0020      0.0038     -0.0030      0.0068
  N,NXPTS           4          72
    4      0.0044      0.0050     -0.0040      0.0090
  N,NXPTS           5          72
    5      0.0078      0.0057     -0.0043      0.0100
  N,NXPTS           6          72
    6      0.0122      0.0061     -0.0040      0.0101
  N,NXPTS           7          72
    7      0.0175      0.0066     -0.0035      0.0101
  N,NXPTS           8          72
    8      0.0238      0.0071     -0.0030      0.0101
  N,NXPTS           9          72
    9      0.0310      0.0077     -0.0023      0.0101
  N,NXPTS          10          72
   10      0.0391      0.0085     -0.0016      0.0101
  N,NXPTS          11          72
   11      0.0482      0.0093     -0.0008      0.0101
  N,NXPTS          12          72
   12      0.0581      0.0101      0.0000      0.0101
  N,NXPTS          13          72
   13      0.0688      0.0111      0.0010      0.0101
  N,NXPTS          14          72
   14      0.0805      0.0121      0.0020      0.0101
  N,NXPTS          15          72
   15      0.0929      0.0132      0.0031      0.0101
  N,NXPTS          16          72
   16      0.1061      0.0143      0.0042      0.0101
  N,NXPTS          17          72
   17      0.1202      0.0156      0.0055      0.0101
  N,NXPTS          18          72
   18      0.1349      0.0168      0.0068      0.0101
  N,NXPTS          19          72
   19      0.1504      0.0182      0.0081      0.0101
  N,NXPTS          20          72
   20      0.1665      0.0196      0.0095      0.0101
  N,NXPTS          21          72
   21      0.1833      0.0211      0.0110      0.0101
  N,NXPTS          22          72
   22      0.2008      0.0226      0.0125      0.0101
  N,NXPTS          23          72
   23      0.2188      0.0242      0.0141      0.0101
  N,NXPTS          24          72
   24      0.2373      0.0258      0.0157      0.0101
  N,NXPTS          25          72
   25      0.2564      0.0275      0.0174      0.0101
  N,NXPTS          26          72
   26      0.2760      0.0292      0.0191      0.0101
  N,NXPTS          27          72
   27      0.2960      0.0309      0.0209      0.0101
  N,NXPTS          28          72
   28      0.3163      0.0327      0.0226      0.0101
  N,NXPTS          29          72
   29      0.3371      0.0345      0.0245      0.0101
  N,NXPTS          30          72
   30      0.3582      0.0364      0.0263      0.0101
  N,NXPTS          31          72
   31      0.3795      0.0382      0.0282      0.0101
  N,NXPTS          32          72
   32      0.4011      0.0401      0.0301      0.0101
  N,NXPTS          33          72
   33      0.4229      0.0420      0.0320      0.0101
  N,NXPTS          34          72
   34      0.4448      0.0440      0.0339      0.0101
  N,NXPTS          35          72
   35      0.4668      0.0459      0.0358      0.0101
  N,NXPTS          36          72
   36      0.4889      0.0478      0.0377      0.0101
  N,NXPTS          37          72
   37      0.5111      0.0497      0.0397      0.0101
  N,NXPTS          38          72
   38      0.5332      0.0517      0.0416      0.0101
  N,NXPTS          39          72
   39      0.5552      0.0536      0.0435      0.0101
  N,NXPTS          40          72
   40      0.5771      0.0555      0.0455      0.0101
  N,NXPTS          41          72
   41      0.5989      0.0574      0.0474      0.0101
  N,NXPTS          42          72
   42      0.6205      0.0593      0.0492      0.0101
  N,NXPTS          43          72
   43      0.6418      0.0612      0.0511      0.0101
  N,NXPTS          44          72
   44      0.6629      0.0630      0.0530      0.0101
  N,NXPTS          45          72
   45      0.6837      0.0648      0.0548      0.0101
  N,NXPTS          46          72
   46      0.7040      0.0666      0.0566      0.0101
  N,NXPTS          47          72
   47      0.7240      0.0684      0.0583      0.0101
  N,NXPTS          48          72
   48      0.7436      0.0701      0.0600      0.0101
  N,NXPTS          49          72
   49      0.7627      0.0718      0.0617      0.0101
  N,NXPTS          50          72
   50      0.7812      0.0734      0.0633      0.0101
  N,NXPTS          51          72
   51      0.7992      0.0750      0.0649      0.0101
  N,NXPTS          52          72
   52      0.8167      0.0765      0.0664      0.0101
  N,NXPTS          53          72
   53      0.8335      0.0780      0.0679      0.0101
  N,NXPTS          54          72
   54      0.8496      0.0794      0.0693      0.0101
  N,NXPTS          55          72
   55      0.8651      0.0807      0.0706      0.0101
  N,NXPTS          56          72
   56      0.8798      0.0820      0.0719      0.0101
  N,NXPTS          57          72
   57      0.8939      0.0832      0.0732      0.0101
  N,NXPTS          58          72
   58      0.9071      0.0844      0.0743      0.0101
  N,NXPTS          59          72
   59      0.9195      0.0855      0.0754      0.0101
  N,NXPTS          60          72
   60      0.9312      0.0865      0.0764      0.0101
  N,NXPTS          61          72
   61      0.9419      0.0874      0.0774      0.0101
  N,NXPTS          62          72
   62      0.9518      0.0883      0.0782      0.0101
  N,NXPTS          63          72
   63      0.9609      0.0891      0.0790      0.0101
  N,NXPTS          64          72
   64      0.9690      0.0898      0.0797      0.0101
  N,NXPTS          65          72
   65      0.9762      0.0904      0.0804      0.0101
  N,NXPTS          66          72
   66      0.9825      0.0910      0.0809      0.0101
  N,NXPTS          67          72
   67      0.9878      0.0914      0.0814      0.0101
  N,NXPTS          68          72
   68      0.9922      0.0916      0.0819      0.0098
  N,NXPTS          69          72
   69      0.9956      0.0911      0.0829      0.0083
  N,NXPTS          70          72
   70      0.9980      0.0901      0.0842      0.0059
  N,NXPTS          71          72
   71      0.9995      0.0887      0.0858      0.0029
  N,NXPTS          72          72
   72      1.0000      0.0875      0.0875      0.0000

  THE BLADE CENTROID IS AT       0.4997    0.0437

  GRID SPACE RATIO UP=    1.23707 DOWN =    1.08936
 XSURF , YSURF     -0.00000     0.00005
 XSURF , YSURF      0.00033     0.00191
 XSURF , YSURF      0.00165     0.00363
 XSURF , YSURF      0.00400     0.00492
 XSURF , YSURF      0.00738     0.00566
 XSURF , YSURF      0.01175     0.00607
 XSURF , YSURF      0.01708     0.00653
 XSURF , YSURF      0.02336     0.00708
 XSURF , YSURF      0.03056     0.00771
 XSURF , YSURF      0.03869     0.00842
 XSURF , YSURF      0.04772     0.00921
 XSURF , YSURF      0.05763     0.01008
 XSURF , YSURF      0.06841     0.01102
 XSURF , YSURF      0.08003     0.01204
 XSURF , YSURF      0.09247     0.01313
 XSURF , YSURF      0.10571     0.01429
 XSURF , YSURF      0.11972     0.01551
 XSURF , YSURF      0.13447     0.01680
 XSURF , YSURF      0.14994     0.01816
 XSURF , YSURF      0.16609     0.01957
 XSURF , YSURF      0.18290     0.02104
 XSURF , YSURF      0.20033     0.02256
 XSURF , YSURF      0.21834     0.02414
 XSURF , YSURF      0.23690     0.02576
 XSURF , YSURF      0.25598     0.02743
 XSURF , YSURF      0.27553     0.02914
 XSURF , YSURF      0.29552     0.03089
 XSURF , YSURF      0.31591     0.03268
 XSURF , YSURF      0.33666     0.03449
 XSURF , YSURF      0.35773     0.03634
 XSURF , YSURF      0.37908     0.03820
 XSURF , YSURF      0.40066     0.04009
 XSURF , YSURF      0.42244     0.04200
 XSURF , YSURF      0.44437     0.04392
 XSURF , YSURF      0.46640     0.04584
 XSURF , YSURF      0.48850     0.04778
 XSURF , YSURF      0.51062     0.04971
 XSURF , YSURF      0.53272     0.05165
 XSURF , YSURF      0.55476     0.05357
 XSURF , YSURF      0.57669     0.05549
 XSURF , YSURF      0.59846     0.05740
 XSURF , YSURF      0.62005     0.05929
 XSURF , YSURF      0.64139     0.06115
 XSURF , YSURF      0.66246     0.06300
 XSURF , YSURF      0.68321     0.06481
 XSURF , YSURF      0.70360     0.06660
 XSURF , YSURF      0.72360     0.06834
 XSURF , YSURF      0.74315     0.07006
 XSURF , YSURF      0.76223     0.07172
 XSURF , YSURF      0.78079     0.07335
 XSURF , YSURF      0.79880     0.07492
 XSURF , YSURF      0.81622     0.07645
 XSURF , YSURF      0.83303     0.07792
 XSURF , YSURF      0.84918     0.07933
 XSURF , YSURF      0.86465     0.08069
 XSURF , YSURF      0.87941     0.08198
 XSURF , YSURF      0.89342     0.08320
 XSURF , YSURF      0.90666     0.08436
 XSURF , YSURF      0.91910     0.08545
 XSURF , YSURF      0.93072     0.08647
 XSURF , YSURF      0.94150     0.08741
 XSURF , YSURF      0.95141     0.08828
 XSURF , YSURF      0.96044     0.08907
 XSURF , YSURF      0.96856     0.08978
 XSURF , YSURF      0.97577     0.09041
 XSURF , YSURF      0.98204     0.09096
 XSURF , YSURF      0.98738     0.09142
 XSURF , YSURF      0.99176     0.09168
 XSURF , YSURF      0.99524     0.09125
 XSURF , YSURF      0.99778     0.09029
 XSURF , YSURF      0.99938     0.08899
 XSURF , YSURF      1.00001     0.08754
 XSURF , YSURF      1.00000     0.08744
 XSURF , YSURF      0.99965     0.08590
 XSURF , YSURF      0.99830     0.08435
 XSURF , YSURF      0.99596     0.08296
 XSURF , YSURF      0.99262     0.08193
 XSURF , YSURF      0.98825     0.08142
 XSURF , YSURF      0.98292     0.08096
 XSURF , YSURF      0.97664     0.08041
 XSURF , YSURF      0.96944     0.07978
 XSURF , YSURF      0.96131     0.07907
 XSURF , YSURF      0.95228     0.07828
 XSURF , YSURF      0.94237     0.07741
 XSURF , YSURF      0.93159     0.07647
 XSURF , YSURF      0.91997     0.07545
 XSURF , YSURF      0.90753     0.07436
 XSURF , YSURF      0.89429     0.07320
 XSURF , YSURF      0.88028     0.07198
 XSURF , YSURF      0.86553     0.07069
 XSURF , YSURF      0.85006     0.06933
 XSURF , YSURF      0.83391     0.06792
 XSURF , YSURF      0.81710     0.06645
 XSURF , YSURF      0.79967     0.06492
 XSURF , YSURF      0.78166     0.06335
 XSURF , YSURF      0.76310     0.06172
 XSURF , YSURF      0.74402     0.06006
 XSURF , YSURF      0.72447     0.05834
 XSURF , YSURF      0.70448     0.05660
 XSURF , YSURF      0.68409     0.05481
 XSURF , YSURF      0.66334     0.05300
 XSURF , YSURF      0.64227     0.05115
 XSURF , YSURF      0.62092     0.04929
 XSURF , YSURF      0.59934     0.04740
 XSURF , YSURF      0.57756     0.04549
 XSURF , YSURF      0.55563     0.04357
 XSURF , YSURF      0.53360     0.04165
 XSURF , YSURF      0.51150     0.03971
 XSURF , YSURF      0.48938     0.03778
 XSURF , YSURF      0.46728     0.03584
 XSURF , YSURF      0.44524     0.03392
 XSURF , YSURF      0.42331     0.03200
 XSURF , YSURF      0.40154     0.03009
 XSURF , YSURF      0.37995     0.02820
 XSURF , YSURF      0.35861     0.02634
 XSURF , YSURF      0.33754     0.02449
 XSURF , YSURF      0.31679     0.02268
 XSURF , YSURF      0.29640     0.02089
 XSURF , YSURF      0.27640     0.01914
 XSURF , YSURF      0.25685     0.01743
 XSURF , YSURF      0.23777     0.01576
 XSURF , YSURF      0.21921     0.01414
 XSURF , YSURF      0.20120     0.01256
 XSURF , YSURF      0.18378     0.01104
 XSURF , YSURF      0.16697     0.00957
 XSURF , YSURF      0.15082     0.00816
 XSURF , YSURF      0.13535     0.00680
 XSURF , YSURF      0.12059     0.00551
 XSURF , YSURF      0.10658     0.00429
 XSURF , YSURF      0.09334     0.00313
 XSURF , YSURF      0.08090     0.00204
 XSURF , YSURF      0.06928     0.00102
 XSURF , YSURF      0.05850     0.00008
 XSURF , YSURF      0.04859    -0.00079
 XSURF , YSURF      0.03956    -0.00158
 XSURF , YSURF      0.03144    -0.00229
 XSURF , YSURF      0.02423    -0.00292
 XSURF , YSURF      0.01795    -0.00347
 XSURF , YSURF      0.01262    -0.00393
 XSURF , YSURF      0.00825    -0.00429
 XSURF , YSURF      0.00480    -0.00415
 XSURF , YSURF      0.00226    -0.00329
 XSURF , YSURF      0.00065    -0.00183
 XSURF , YSURF      0.00000    -0.00005

  XMAX,XMIN,XCHORD    1.00000560      -4.35778657E-06   1.00001001    


   SUCTION SURFACE POINTS 

           1   0.00000000       4.98092377E-05
           2   3.30209761E-04   1.91193738E-03
           3   1.65797409E-03   3.63386679E-03
           4   4.00590058E-03   4.92424099E-03
           5   7.38018006E-03   5.65703027E-03
           6   1.17536224E-02   6.06614817E-03
           7   1.70842800E-02   6.53252052E-03
           8   2.33594235E-02   7.08152447E-03
           9   3.05667166E-02   7.71208014E-03
          10   3.86921205E-02   8.42296053E-03
          11   4.77196909E-02   9.21277050E-03
          12   5.76317832E-02   1.00799669E-02
          13   6.84089363E-02   1.10228444E-02
          14   8.00301135E-02   1.20395673E-02
          15   9.24725533E-02   1.31281391E-02
          16  0.105711862       1.42864278E-02
          17  0.119722180       1.55121721E-02
          18  0.134476036       1.68029666E-02
          19  0.149944559       1.81562863E-02
          20  0.166097492       1.95694882E-02
          21  0.182903185       2.10397933E-02
          22  0.200328752       2.25643348E-02
          23  0.218340114       2.41401233E-02
          24  0.236901924       2.57640686E-02
          25  0.255977958       2.74330098E-02
          26  0.275530756       2.91436557E-02
          27  0.295522153       3.08926776E-02
          28  0.315912962       3.26766409E-02
          29  0.336663276       3.44920568E-02
          30  0.357732445       3.63353677E-02
          31  0.379079252       3.82029712E-02
          32  0.400661945       4.00912128E-02
          33  0.422438204       4.19963896E-02
          34  0.444365501       4.39147800E-02
          35  0.466400772       4.58426178E-02
          36  0.488501042       4.77761403E-02
          37  0.510622799       4.97115403E-02
          38  0.532723129       5.16450666E-02
          39  0.554758370       5.35729043E-02
          40  0.576685667       5.54912947E-02
          41  0.598461866       5.73964678E-02
          42  0.620044589       5.92847094E-02
          43  0.641391397       6.11523166E-02
          44  0.662460625       6.29956275E-02
          45  0.683210909       6.48110509E-02
          46  0.703601718       6.65950105E-02
          47  0.723592997       6.83440268E-02
          48  0.743145883       7.00546801E-02
          49  0.762221932       7.17236176E-02
          50  0.780783832       7.33475685E-02
          51  0.798795104       7.49233514E-02
          52  0.816220701       7.64478967E-02
          53  0.833026290       7.79181942E-02
          54  0.849179268       7.93313980E-02
          55  0.864647806       8.06847215E-02
          56  0.879401624       8.19755122E-02
          57  0.893411994       8.32012594E-02
          58  0.906651378       8.43595564E-02
          59  0.919093728       8.54481161E-02
          60  0.930714905       8.64648372E-02
          61  0.941492081       8.74077231E-02
          62  0.951404154       8.82749110E-02
          63  0.960431755       8.90647247E-02
          64  0.968557060       8.97755995E-02
          65  0.975764394       9.04061571E-02
          66  0.982039511       9.09551606E-02
          67  0.987370193       9.14215297E-02
          68  0.991756499       9.16830972E-02
          69  0.995233297       9.12449211E-02
          70  0.997777820       9.02874097E-02
          71  0.999369800       8.89899060E-02
          72   1.00000000       8.75375792E-02

  PRESSURE SURFACE POINTS 

           1   0.00000000       4.98092377E-05
           2   8.71548582E-06  -4.98092377E-05
           3   6.57263736E-04  -1.82630704E-03
           4   2.26386636E-03  -3.29151261E-03
           5   4.80019348E-03  -4.15457040E-03
           6   8.25045723E-03  -4.29028925E-03
           7   1.26284994E-02  -3.93375149E-03
           8   1.79591589E-02  -3.46737937E-03
           9   2.42343042E-02  -2.91837542E-03
          10   3.14415917E-02  -2.28781928E-03
          11   3.95669974E-02  -1.57693867E-03
          12   4.85945642E-02  -7.87128753E-04
          13   5.85066602E-02   8.00668640E-05
          14   6.92838207E-02   1.02294562E-03
          15   8.09049979E-02   2.03966722E-03
          16   9.33474377E-02   3.12823919E-03
          17  0.106586747       4.28652856E-03
          18  0.120597064       5.51227247E-03
          19  0.135350898       6.80306740E-03
          20  0.150819436       8.15638807E-03
          21  0.166972369       9.56958719E-03
          22  0.183778062       1.10398941E-02
          23  0.201203629       1.25644337E-02
          24  0.219214991       1.41402232E-02
          25  0.237776786       1.57641713E-02
          26  0.256852835       1.74331069E-02
          27  0.276405632       1.91437583E-02
          28  0.296397001       2.08927765E-02
          29  0.316787839       2.26767398E-02
          30  0.337538153       2.44921558E-02
          31  0.358607322       2.63354704E-02
          32  0.379954100       2.82030739E-02
          33  0.401536822       3.00913155E-02
          34  0.423313081       3.19964923E-02
          35  0.445240349       3.39148827E-02
          36  0.467275649       3.58427204E-02
          37  0.489375919       3.77762392E-02
          38  0.511497676       3.97116430E-02
          39  0.533597946       4.16451693E-02
          40  0.555633247       4.35730070E-02
          41  0.577560544       4.54913974E-02
          42  0.599336743       4.73965704E-02
          43  0.620919466       4.92848121E-02
          44  0.642266273       5.11524193E-02
          45  0.663335502       5.29957339E-02
          46  0.684085786       5.48111498E-02
          47  0.704476595       5.65951131E-02
          48  0.724467874       5.83441257E-02
          49  0.744020760       6.00547791E-02
          50  0.763096809       6.17237128E-02
          51  0.781658709       6.33476675E-02
          52  0.799669981       6.49234504E-02
          53  0.817095578       6.64479956E-02
          54  0.833901167       6.79182932E-02
          55  0.850054145       6.93314970E-02
          56  0.865522683       7.06848130E-02
          57  0.880276501       7.19756037E-02
          58  0.894286871       7.32013583E-02
          59  0.907526255       7.43596479E-02
          60  0.919968545       7.54482150E-02
          61  0.931589723       7.64649287E-02
          62  0.942366958       7.74078146E-02
          63  0.952279031       7.82750100E-02
          64  0.961306632       7.90648237E-02
          65  0.969431937       7.97756985E-02
          66  0.976639271       8.04062560E-02
          67  0.982914388       8.09552521E-02
          68  0.988245070       8.14216286E-02
          69  0.992610157       8.19257051E-02
          70  0.995958090       8.29609632E-02
          71  0.998297691       8.43457952E-02
          72  0.999640167       8.59000236E-02
          73  0.999998808       8.74379650E-02
          74   1.00000000       8.75375792E-02

 INTERPOLATED POINTS ON THE BLADE 

  N           X          YUP        YLOW        THICK 
  N,NXPTS           1          72
    1      0.0000      0.0000      0.0000      0.0000
  N,NXPTS           2          72
    2      0.0005      0.0021     -0.0014      0.0035
  N,NXPTS           3          72
    3      0.0020      0.0038     -0.0030      0.0068
  N,NXPTS           4          72
    4      0.0044      0.0050     -0.0040      0.0090
  N,NXPTS           5          72
    5      0.0078      0.0057     -0.0043      0.0100
  N,NXPTS           6          72
    6      0.0122      0.0061     -0.0040      0.0101
  N,NXPTS           7          72
    7      0.0175      0.0066     -0.0035      0.0101
  N,NXPTS           8          72
    8      0.0238      0.0071     -0.0030      0.0101
  N,NXPTS           9          72
    9      0.0310      0.0077     -0.0023      0.0101
  N,NXPTS          10          72
   10      0.0391      0.0085     -0.0016      0.0101
  N,NXPTS          11          72
   11      0.0482      0.0093     -0.0008      0.0101
  N,NXPTS          12          72
   12      0.0581      0.0101      0.0000      0.0101
  N,NXPTS          13          72
   13      0.0688      0.0111      0.0010      0.0101
  N,NXPTS          14          72
   14      0.0805      0.0121      0.0020      0.0101
  N,NXPTS          15          72
   15      0.0929      0.0132      0.0031      0.0101
  N,NXPTS          16          72
   16      0.1061      0.0143      0.0042      0.0101
  N,NXPTS          17          72
   17      0.1202      0.0156      0.0055      0.0101
  N,NXPTS          18          72
   18      0.1349      0.0168      0.0068      0.0101
  N,NXPTS          19          72
   19      0.1504      0.0182      0.0081      0.0101
  N,NXPTS          20          72
   20      0.1665      0.0196      0.0095      0.0101
  N,NXPTS          21          72
   21      0.1833      0.0211      0.0110      0.0101
  N,NXPTS          22          72
   22      0.2008      0.0226      0.0125      0.0101
  N,NXPTS          23          72
   23      0.2188      0.0242      0.0141      0.0101
  N,NXPTS          24          72
   24      0.2373      0.0258      0.0157      0.0101
  N,NXPTS          25          72
   25      0.2564      0.0275      0.0174      0.0101
  N,NXPTS          26          72
   26      0.2760      0.0292      0.0191      0.0101
  N,NXPTS          27          72
   27      0.2960      0.0309      0.0209      0.0101
  N,NXPTS          28          72
   28      0.3163      0.0327      0.0226      0.0101
  N,NXPTS          29          72
   29      0.3371      0.0345      0.0245      0.0101
  N,NXPTS          30          72
   30      0.3582      0.0364      0.0263      0.0101
  N,NXPTS          31          72
   31      0.3795      0.0382      0.0282      0.0101
  N,NXPTS          32          72
   32      0.4011      0.0401      0.0301      0.0101
  N,NXPTS          33          72
   33      0.4229      0.0420      0.0320      0.0101
  N,NXPTS          34          72
   34      0.4448      0.0440      0.0339      0.0101
  N,NXPTS          35          72
   35      0.4668      0.0459      0.0358      0.0101
  N,NXPTS          36          72
   36      0.4889      0.0478      0.0377      0.0101
  N,NXPTS          37          72
   37      0.5111      0.0497      0.0397      0.0101
  N,NXPTS          38          72
   38      0.5332      0.0517      0.0416      0.0101
  N,NXPTS          39          72
   39      0.5552      0.0536      0.0435      0.0101
  N,NXPTS          40          72
   40      0.5771      0.0555      0.0455      0.0101
  N,NXPTS          41          72
   41      0.5989      0.0574      0.0474      0.0101
  N,NXPTS          42          72
   42      0.6205      0.0593      0.0492      0.0101
  N,NXPTS          43          72
   43      0.6418      0.0612      0.0511      0.0101
  N,NXPTS          44          72
   44      0.6629      0.0630      0.0530      0.0101
  N,NXPTS          45          72
   45      0.6837      0.0648      0.0548      0.0101
  N,NXPTS          46          72
   46      0.7040      0.0666      0.0566      0.0101
  N,NXPTS          47          72
   47      0.7240      0.0684      0.0583      0.0101
  N,NXPTS          48          72
   48      0.7436      0.0701      0.0600      0.0101
  N,NXPTS          49          72
   49      0.7627      0.0718      0.0617      0.0101
  N,NXPTS          50          72
   50      0.7812      0.0734      0.0633      0.0101
  N,NXPTS          51          72
   51      0.7992      0.0750      0.0649      0.0101
  N,NXPTS          52          72
   52      0.8167      0.0765      0.0664      0.0101
  N,NXPTS          53          72
   53      0.8335      0.0780      0.0679      0.0101
  N,NXPTS          54          72
   54      0.8496      0.0794      0.0693      0.0101
  N,NXPTS          55          72
   55      0.8651      0.0807      0.0706      0.0101
  N,NXPTS          56          72
   56      0.8798      0.0820      0.0719      0.0101
  N,NXPTS          57          72
   57      0.8939      0.0832      0.0732      0.0101
  N,NXPTS          58          72
   58      0.9071      0.0844      0.0743      0.0101
  N,NXPTS          59          72
   59      0.9195      0.0855      0.0754      0.0101
  N,NXPTS          60          72
   60      0.9312      0.0865      0.0764      0.0101
  N,NXPTS          61          72
   61      0.9419      0.0874      0.0774      0.0101
  N,NXPTS          62          72
   62      0.9518      0.0883      0.0782      0.0101
  N,NXPTS          63          72
   63      0.9609      0.0891      0.0790      0.0101
  N,NXPTS          64          72
   64      0.9690      0.0898      0.0797      0.0101
  N,NXPTS          65          72
   65      0.9762      0.0904      0.0804      0.0101
  N,NXPTS          66          72
   66      0.9825      0.0910      0.0809      0.0101
  N,NXPTS          67          72
   67      0.9878      0.0914      0.0814      0.0101
  N,NXPTS          68          72
   68      0.9922      0.0916      0.0819      0.0098
  N,NXPTS          69          72
   69      0.9956      0.0911      0.0829      0.0083
  N,NXPTS          70          72
   70      0.9980      0.0901      0.0842      0.0059
  N,NXPTS          71          72
   71      0.9995      0.0887      0.0858      0.0029
  N,NXPTS          72          72
   72      1.0000      0.0875      0.0875      0.0000

  THE BLADE CENTROID IS AT       0.4997    0.0437

  GRID SPACE RATIO UP=    1.23707 DOWN =    1.08936
 BLADE- FJRAT, FJMAX,FJEND=    1.00000000       1.00000000       1.00000000    
  BLADE SPANWISE SPACINGS           1   0.00000000    
  BLADE SPANWISE SPACINGS           2   3.44827585E-02
  BLADE SPANWISE SPACINGS           3   6.89655170E-02
  BLADE SPANWISE SPACINGS           4  0.103448272    
  BLADE SPANWISE SPACINGS           5  0.137931034    
  BLADE SPANWISE SPACINGS           6  0.172413796    
  BLADE SPANWISE SPACINGS           7  0.206896558    
  BLADE SPANWISE SPACINGS           8  0.241379321    
  BLADE SPANWISE SPACINGS           9  0.275862068    
  BLADE SPANWISE SPACINGS          10  0.310344815    
  BLADE SPANWISE SPACINGS          11  0.344827563    
  BLADE SPANWISE SPACINGS          12  0.379310310    
  BLADE SPANWISE SPACINGS          13  0.413793057    
  BLADE SPANWISE SPACINGS          14  0.448275805    
  BLADE SPANWISE SPACINGS          15  0.482758552    
  BLADE SPANWISE SPACINGS          16  0.517241299    
  BLADE SPANWISE SPACINGS          17  0.551724076    
  BLADE SPANWISE SPACINGS          18  0.586206853    
  BLADE SPANWISE SPACINGS          19  0.620689631    
  BLADE SPANWISE SPACINGS          20  0.655172408    
  BLADE SPANWISE SPACINGS          21  0.689655185    
  BLADE SPANWISE SPACINGS          22  0.724137962    
  BLADE SPANWISE SPACINGS          23  0.758620739    
  BLADE SPANWISE SPACINGS          24  0.793103516    
  BLADE SPANWISE SPACINGS          25  0.827586293    
  BLADE SPANWISE SPACINGS          26  0.862069070    
  BLADE SPANWISE SPACINGS          27  0.896551847    
  BLADE SPANWISE SPACINGS          28  0.931034625    
  BLADE SPANWISE SPACINGS          29  0.965517402    
  BLADE SPANWISE SPACINGS          30   1.00000012    
 TIP-- FJRAT, FJMAX,FJEND =    1.39999998       30.0000000       30.0000000    
  TIP GAP SPACE           1          30   0.00000000    
  TIP GAP SPACE           2          31   1.43238446E-02
  TIP GAP SPACE           3          32   3.43772247E-02
  TIP GAP SPACE           4          33   6.24519587E-02
  TIP GAP SPACE           5          34  0.101756588    
  TIP GAP SPACE           6          35  0.156783074    
  TIP GAP SPACE           7          36  0.233820140    
  TIP GAP SPACE           8          37  0.341672033    
  TIP GAP SPACE           9          38  0.492664695    
  TIP GAP SPACE          10          39  0.704054415    
  TIP GAP SPACE          11          40   1.00000000    
 IM, JM, KM for final data set         151          40          20
  FILE gridin written 
  READING IN PUPHUB,etc 
  READING IN NINLET 
